3 8 11 13 14 16 18 19 20 21 25 28 29 33 34 35 39 40 41 44 45 46 48 49 50 56 57 58 59 60
1 2 5 7 8 9 11 16 17 18 19 22 24 25 26 27 31 37 40 41 42 43 46 47 50 52 53 54 55 58
3 8 9 10 14 15 18 20 21 22 23 26 27 30 34 36 38 39 40 44 45 47 48 49 51 52 53 54 56 59
1 2 5 9 10 12 18 21 28 29 30 31 33 35 36 37 38 39 40 42 43 44 46 49 50 51 52 54 57 59
1 4 5 8 9 10 11 13 17 19 21 22 27 28 29 30 32 33 37 38 39 41 47 48 49 54 57 58 59 60
1 2 3 4 5 6 8 10 11 12 13 19 20 21 23 25 27 28 31 34 36 38 41 47 49 51 52 53 57 58
1 2 3 5 7 8 9 10 11 13 16 17 21 23 24 26 27 28 37 39 40 41 42 45 47 54 55 56 57 60
4 5 6 9 10 12 13 15 17 21 24 25 26 27 30 31 36 37 40 41 42 45 48 50 51 54 55 58 59 60
2 3 6 9 10 11 12 13 15 16 19 22 25 26 28 29 30 32 33 43 46 48 50 51 52 54 55 56 58 60
1 2 3 5 6 7 8 9 10 12 14 15 17 20 23 25 29 36 37 39 42 44 45 48 49 50 51 54 58 59
4 5 9 10 12 13 14 15 17 19 21 22 23 24 29 31 32 33 36 38 39 42 43 45 48 49 52 56 58 59
2 5 7 10 12 14 16 18 21 24 25 29 32 34 36 38 39 40 43 45 46 47 50 51 53 54 55 56 59 60
1 4 7 8 9 11 12 19 20 22 23 25 26 29 30 31 35 36 38 40 41 43 46 48 49 50 53 54 55 57
3 5 7 9 13 15 16 18 20 21 23 26 27 28 29 31 32 35 36 38 39 41 44 47 48 51 52 57 58 59
1 3 8 9 10 14 16 17 18 19 22 23 24 25 27 30 32 34 35 38 41 42 43 46 47 49 52 54 55 56
1 2 4 6 7 11 14 15 16 17 19 20 24 28 35 36 37 39 41 43 44 48 49 51 54 56 57 58 59 60
1 2 3 5 6 11 13 19 21 23 24 25 29 30 31 32 33 34 35 39 40 42 44 45 46 47 50 51 52 57
3 4 6 10 11 12 13 14 15 16 18 19 21 22 24 29 30 31 37 39 41 44 47 49 51 52 53 54 57 59
2 8 9 11 12 13 16 17 20 22 23 24 25 29 31 32 33 34 36 38 39 45 49 51 52 53 54 55 57 59
2 5 6 7 8 10 13 14 16 19 20 22 23 24 27 33 36 37 38 42 44 45 47 48 49 50 53 56 59 60
1 3 6 9 11 12 15 19 20 21 22 24 26 28 30 32 35 38 39 41 42 43 44 45 46 49 55 56 57 59
1 3 4 9 15 19 20 21 22 23 24 27 31 32 33 34 38 39 40 43 47 48 50 52 54 55 56 57 58 60
1 2 3 5 6 9 10 14 16 18 24 25 26 27 29 31 33 36 38 41 42 44 47 48 49 51 55 58 59 60
3 4 5 6 8 12 14 15 16 20 22 24 25 27 30 32 34 35 37 41 43 44 46 47 51 52 54 56 57 59
4 5 6 7 8 9 16 17 18 22 23 27 28 31 32 33 34 35 38 39 41 46 48 49 50 51 52 57 58 60
1 2 9 11 12 13 18 20 22 23 24 25 27 32 34 35 37 38 39 41 44 45 46 48 50 52 54 57 58 60
3 7 8 10 11 12 13 15 16 17 18 21 22 25 26 28 30 31 32 33 36 37 38 39 44 49 51 56 57 60
1 2 4 6 8 9 10 12 14 17 20 22 23 27 28 36 37 39 41 42 43 46 48 49 50 52 53 54 55 56
1 3 4 9 13 17 18 20 22 23 24 26 27 28 29 30 33 34 38 40 44 47 49 50 51 53 55 58 59 60
1 3 4 5 7 8 10 12 13 14 15 21 25 26 27 29 30 35 38 40 44 46 47 51 52 54 55 57 58 60
4 6 7 8 10 13 15 18 22 24 26 27 30 32 34 35 36 39 40 41 42 43 44 45 50 53 54 55 57 58
1 3 5 10 11 13 14 15 16 17 18 20 23 25 27 31 32 38 39 40 42 45 46 48 53 55 56 57 59 60
6 7 8 11 12 13 14 16 17 25 26 30 34 35 36 37 38 39 40 42 44 46 47 48 49 51 52 53 54 60
3 5 6 7 11 12 13 14 17 18 22 24 25 27 28 31 33 34 35 39 41 42 48 53 54 55 56 57 58 59
1 2 4 5 6 7 8 9 10 12 13 16 19 20 22 23 28 29 30 31 33 34 37 38 45 50 53 54 55 60
2 4 7 8 10 12 13 15 19 20 23 25 26 28 32 35 37 40 41 42 44 46 47 49 50 52 55 57 59 60
3 8 9 10 11 14 15 16 18 19 20 21 23 26 28 33 34 35 37 39 41 43 47 49 50 54 55 56 57 59
2 7 8 9 10 12 13 14 15 17 21 22 27 30 31 32 33 36 37 40 41 43 45 46 47 50 54 55 56 57
4 8 10 12 13 16 19 20 25 26 27 29 30 32 33 35 39 40 43 45 46 47 48 51 52 53 54 55 58 59
3 6 8 9 11 12 13 14 23 26 27 31 32 33 34 37 40 41 43 44 46 49 50 52 53 55 57 58 59 60
1 2 3 5 7 8 10 11 15 16 18 19 23 24 25 26 28 29 31 34 36 37 38 46 48 51 52 54 55 58
1 2 4 7 8 12 13 16 17 19 21 22 23 25 27 28 29 30 35 39 41 42 45 46 48 52 54 56 57 59
1 2 6 7 9 10 11 12 15 16 17 19 20 23 24 25 27 29 34 36 38 41 44 45 46 50 53 55 58 60
2 3 5 8 9 10 11 12 13 16 19 22 23 24 27 30 32 35 36 39 41 42 43 44 47 48 49 50 57 60
2 3 5 10 11 16 18 20 22 25 28 29 30 31 34 35 36 40 42 44 45 47 48 49 50 53 54 57 59 60
1 2 4 5 6 9 10 11 12 15 17 19 21 22 24 26 32 33 36 38 39 40 41 44 46 47 48 50 53 57
5 6 8 9 10 14 15 17 20 23 24 25 28 30 31 32 33 36 40 41 42 43 45 46 51 53 54 57 58 59
1 2 3 5 7 11 13 17 18 19 22 24 25 26 29 30 32 37 39 41 42 45 46 49 51 55 56 57 58 59
1 2 3 5 6 7 8 9 14 20 21 23 25 29 30 31 32 33 34 36 39 41 42 43 44 48 49 55 56 59
2 3 4 5 6 8 10 12 16 17 18 22 24 27 28 29 32 33 36 37 38 42 43 44 45 51 52 55 57 58
1 4 5 7 9 12 13 14 15 16 18 23 25 27 34 35 36 37 40 44 46 48 49 51 52 53 55 56 58 60
1 3 8 10 12 13 20 22 24 25 26 28 29 33 36 39 42 43 44 46 47 50 51 52 53 54 55 56 57 60
2 4 5 7 8 9 11 16 19 22 25 26 30 31 34 36 37 38 41 42 43 44 45 49 51 52 54 56 58 59
1 4 7 9 11 12 14 16 21 22 24 27 28 29 31 32 33 34 36 38 40 41 42 46 48 51 54 55 57 60
4 5 8 9 14 15 16 17 18 21 22 23 25 26 27 28 29 30 33 34 36 43 47 48 50 53 54 56 57 59
5 7 10 11 14 17 18 20 24 25 26 28 29 30 33 38 39 40 41 43 44 48 50 51 52 53 54 55 56 58
3 6 13 15 16 17 19 20 21 23 26 27 28 29 30 32 33 37 38 39 40 42 45 52 53 54 55 56 57 59
2 3 4 8 12 13 14 15 18 19 21 22 26 28 30 31 32 35 38 41 42 44 46 47 48 51 53 57 58 59
1 2 3 4 6 7 12 19 20 22 23 24 26 27 28 29 30 31 33 34 38 39 40 42 44 48 50 52 56 59
1 3 4 6 8 12 15 18 20 21 22 23 24 26 28 29 30 36 37 39 40 41 47 49 50 51 52 53 55 58
1 2 8 11 13 15 16 19 21 22 23 24 25 28 29 30 35 36 37 38 44 45 48 50 53 54 57 58 59 60
5 10 11 12 15 17 18 19 21 22 23 24 26 27 28 29 31 35 36 37 43 44 46 47 48 51 52 53 55 59
1 2 3 5 6 9 10 11 15 16 20 23 24 26 27 29 30 33 34 35 37 41 42 45 46 47 51 53 54 57
1 4 7 8 10 11 12 13 15 17 20 26 29 30 31 32 34 39 41 42 43 46 48 49 51 52 55 57 58 59
1 3 6 7 8 9 10 14 16 18 23 24 25 28 29 33 35 37 38 40 41 44 45 49 52 53 56 57 58 59
1 3 4 5 7 9 11 15 16 19 20 21 25 28 30 32 33 36 39 40 42 45 47 50 51 54 56 58 59 60
1 3 4 6 7 10 14 16 17 19 22 25 26 27 31 32 35 36 37 41 45 46 50 51 54 55 56 57 58 59
3 5 7 8 9 12 13 14 16 19 20 21 22 25 26 32 33 34 35 37 38 40 44 45 47 50 51 55 56 60
1 2 3 4 5 8 11 15 17 18 19 21 22 23 24 27 30 31 34 41 42 44 45 46 48 49 50 51 58 60
7 13 14 15 18 19 20 22 23 25 27 29 30 31 32 35 36 37 38 39 42 43 44 46 50 51 52 57 59 60
4 5 6 7 8 13 14 15 16 17 18 20 27 30 32 33 38 39 41 43 45 47 49 50 51 52 53 55 59 60
1 2 4 8 9 10 11 12 14 16 19 21 23 29 31 32 33 35 36 42 43 44 46 47 49 51 52 56 57 58
2 6 8 9 12 13 15 16 17 18 19 21 24 25 32 33 34 35 37 40 41 43 44 47 48 51 53 56 57 60
5 12 14 15 16 18 19 25 26 27 28 30 31 33 36 37 39 41 42 43 44 45 46 47 48 49 55 57 58 60
6 8 13 18 20 22 23 26 28 30 31 32 33 35 36 37 39 41 42 43 44 47 49 51 52 54 55 56 57 58
2 3 4 5 8 10 12 18 19 20 21 22 23 30 31 33 35 37 38 42 47 48 49 50 52 54 55 56 58 59
5 8 12 13 14 17 18 20 22 24 26 31 32 33 34 36 37 39 40 46 47 48 49 51 53 54 56 57 59 60
1 4 6 11 12 18 22 23 24 25 26 33 34 35 36 37 39 40 42 43 45 46 47 51 52 53 56 58 59 60
2 3 6 7 8 11 13 15 18 19 21 23 24 25 27 28 30 31 32 33 36 37 38 40 45 49 50 52 58 59
3 4 8 11 12 13 14 17 22 23 24 27 28 29 30 31 37 40 41 42 43 44 45 46 48 50 53 56 58 60
1 3 8 9 10 11 14 16 17 18 21 22 27 29 30 32 33 35 36 40 42 44 46 47 48 55 56 58 59 60
2 3 4 5 6 7 13 16 19 21 27 28 30 31 32 33 34 36 37 39 40 41 42 44 46 47 51 53 54 55
2 3 7 11 13 14 17 18 19 21 23 26 27 28 33 35 40 42 43 45 46 50 51 52 53 55 56 57 58 60
2 10 11 12 13 14 16 17 20 21 23 28 29 31 33 34 35 37 38 39 40 42 43 46 50 51 54 55 58 59
2 3 4 5 7 9 10 11 14 17 22 26 28 29 31 32 33 37 38 39 41 42 43 44 45 48 52 53 54 59
1 4 5 6 7 9 10 13 14 15 17 18 20 22 23 24 25 26 30 36 38 39 42 45 47 49 53 57 58 59
4 5 6 8 9 10 11 12 14 17 18 20 21 24 26 27 28 30 34 36 38 42 45 49 50 52 53 54 56 60
6 7 8 9 13 14 15 18 19 20 21 22 23 25 33 34 37 38 40 41 42 43 46 47 48 49 52 54 57 58
1 2 4 7 8 9 14 15 16 19 20 22 24 25 27 28 29 32 33 34 38 39 40 41 45 48 51 57 59 60
1 2 3 4 9 10 11 12 16 18 20 21 23 25 26 30 32 37 41 43 44 47 50 51 52 53 55 57 59 60
4 5 6 7 11 12 13 14 17 18 19 20 29 34 36 37 38 40 41 42 44 45 46 47 50 51 52 54 56 57
1 4 5 6 10 11 15 16 17 19 20 21 22 23 26 27 28 29 31 35 40 41 42 44 46 49 50 54 55 56
1 3 4 5 7 8 9 11 14 16 17 20 24 27 28 31 34 38 41 42 43 44 45 49 53 54 55 56 57 58
1 2 3 9 10 13 17 19 20 21 22 24 28 30 32 33 34 35 36 37 38 39 41 42 43 45 49 50 51 60
1 2 5 7 9 10 11 12 13 16 19 20 21 23 24 25 26 28 29 32 34 38 39 43 46 49 51 53 55 57
2 4 5 12 13 14 15 16 17 18 21 23 25 27 30 32 38 40 41 46 47 48 49 50 52 53 55 57 58 60
1 2 4 5 6 7 8 10 11 12 14 17 18 23 25 26 27 29 30 32 35 36 37 41 43 46 49 52 54 59
2 5 6 8 11 13 14 18 21 23 26 27 28 30 33 34 36 37 38 39 41 42 44 50 51 52 53 55 57 59
1 10 12 13 14 17 18 19 21 22 25 26 28 31 33 38 41 42 44 45 46 47 48 49 52 53 54 57 58 59
2 4 7 8 9 10 11 13 14 15 16 21 23 24 27 28 31 33 37 38 43 46 47 49 51 52 53 57 59 60
2 4 7 8 9 10 11 12 13 15 16 19 20 24 30 31 36 41 42 47 48 50 51 53 55 56 57 58 59 60
1 2 4 5 7 9 10 11 13 14 15 16 18 20 22 31 32 33 35 38 39 40 42 44 45 50 51 52 57 59
3 4 5 7 11 14 15 16 19 21 22 23 25 28 29 32 33 34 35 36 37 39 42 46 49 50 51 52 54 55
1 3 4 5 8 11 12 13 17 18 19 20 21 25 27 28 29 31 33 35 40 43 45 47 48 49 53 55 57 58
1 2 4 7 9 10 15 16 17 18 20 22 26 29 31 32 37 39 40 43 46 48 49 51 53 54 56 58 59 60
2 6 7 10 12 16 19 20 21 22 23 24 25 26 29 30 31 32 36 39 40 41 42 43 44 45 55 57 58 60
2 3 6 7 8 11 12 15 16 18 19 22 23 26 31 33 35 37 38 39 40 46 48 49 51 54 55 57 59 60
3 5 6 7 8 9 12 13 14 17 21 28 29 30 32 33 36 38 40 47 48 49 50 51 52 54 55 58 59 60
3 6 7 8 9 10 11 12 18 19 21 23 25 29 31 32 33 35 39 40 41 43 44 46 47 50 51 53 58 60

