03 09 26 40 41 58
12 29 38 46 48 58
05 07 10 28 45 49
10 28 34 38 41 56
02 08 18 29 32 45
04 07 21 43 44 58
14 16 27 35 49 57
12 19 22 40 42 55
11 12 27 30 35 49
01 09 16 19 47 48
03 04 14 31 48 50
03 13 22 26 30 39
02 07 14 24 38 57
14 15 22 24 36 45
01 12 17 19 36 60
12 22 27 36 38 41
13 35 38 42 51 60
05 07 14 16 24 44
04 18 29 32 52 55
24 27 29 37 48 57
13 23 29 39 46 57
03 06 19 24 26 31
08 09 24 29 40 58
21 33 37 46 49 54
09 17 30 36 42 55
17 28 43 45 48 57
07 20 43 45 51 54
09 15 20 26 32 56
08 11 20 34 35 48
04 16 17 20 28 41
05 11 30 31 51 52
17 28 38 49 59 60
15 19 26 37 46 59
11 21 30 39 41 50
16 17 20 32 44 58
03 07 11 31 37 44
10 26 30 35 51 57
01 10 23 24 40 53
01 09 14 38 40 50
21 22 31 37 50 56
07 08 31 33 37 50
03 07 21 25 32 60
01 25 26 41 46 58
20 40 47 55 57 58
07 16 23 36 42 44
53 15 06 31 17 05
12 16 27 33 55 58
08 13 39 47 54 58
07 31 48 49 50 56
13 25 36 47 52 60
01 27 33 39 48 56
08 14 19 35 50 54
13 15 25 43 48 58
10 18 21 24 34 38
05 13 47 56 57 59
03 08 12 17 19 30
05 12 23 24 37 51
10 15 26 34 47 49
06 07 30 32 35 47
12 24 28 42 47 57
08 20 30 35 54 56
06 10 44 56 57 60
01 03 15 26 29 52
10 14 29 37 43 46
04 21 25 32 39 55
04 25 32 42 59 60
29 37 45 48 50 54
05 17 25 27 33 55
05 16 18 27 40 54
04 06 26 34 41 55
24 38 47 50 59 60
08 18 19 24 33 43
03 17 32 46 55 58
09 14 45 47 48 50
08 22 25 37 38 45
01 19 21 37 47 59
03 33 34 37 48 50
03 20 24 39 55 59
13 28 45 54 58 59
26 33 43 47 50 55
02 19 31 43 56 60
06 34 37 46 51 52
10 14 34 47 58 59
08 09 32 35 42 59
03 30 37 42 49 59
06 17 24 26 41 56
01 11 22 27 35 51
03 05 35 41 55 59
03 14 39 42 43 52
01 19 24 30 38 48
01 05 16 34 55 57
08 14 15 32 36 42
05 11 30 41 48 50
10 18 19 23 42 44
19 32 42 44 48 58
10 19 29 30 53 57
14 28 37 38 50 52
02 19 31 43 56 60
06 34 37 46 51 52
10 14 34 47 58 59
08 09 32 35 42 59
03 30 37 42 49 59
06 17 24 26 41 56
01 11 22 27 35 51
03 05 35 41 55 59
03 14 39 42 43 52
01 19 24 30 38 48
01 05 16 34 55 57
08 14 15 32 36 42
05 11 30 41 48 50
10 18 19 23 42 44
19 32 42 44 48 58
10 19 29 30 53 57
14 28 37 38 50 52
15 17 19 31 47 51
08 10 15 29 38 45
04 08 13 14 23 37
01 30 49 50 57 59
02 07 35 45 46 53
08 12 19 36 42 47
07 17 24 47 55 60
08 13 14 20 37 50
17 21 25 26 33 40
01 13 14 49 56 57
03 17 18 19 45 51
13 28 36 37 41 55
06 16 23 24 36 50
01 16 30 31 45 57
07 12 31 47 49 54
02 05 22 27 34 53
06 10 30 41 52 54
13 34 39 45 46 51
08 11 13 26 45 60
08 20 27 38 41 46
05 07 09 34 35 36
09 31 34 36 42 46
03 09 14 20 31 38
05 18 21 23 40 54
09 17 24 33 35 44
06 14 15 37 41 51
03 39 45 46 52 56
02 05 41 46 52 56
14 17 20 22 55 59
18 30 31 32 48 51
01 19 49 50 53 55
14 25 34 39 50 53
05 14 18 38 43 44
22 31 40 45 48 52
01 12 17 19 36 60
12 22 27 36 38 41
13 35 38 42 51 60
05 07 14 16 24 44
04 18 29 32 52 55
24 27 29 37 48 57
13 23 29 39 46 57
03 06 19 24 26 31
08 09 24 29 40 58
21 33 37 46 49 54
09 17 30 36 42 55
17 28 43 45 48 57
07 20 43 45 51 54
09 15 20 26 32 56
13 21 23 31 35 44
08 13 26 39 53 60
05 15 17 38 42 47
09 17 22 33 38 39
13 17 22 42 45 57
02 11 15 21 28 59
05 13 23 31 46 55
09 11 16 41 42 55
04 15 22 30 53 56
04 24 34 37 48 59
10 11 24 30 48 56
05 15 19 32 34 60
08 14 25 36 37 60
14 23 26 37 38 50
18 21 23 35 53 56
13 30 31 39 53 60
16 18 31 34 40 51
04 07 08 12 25 43
11 22 28 33 52 54
41 46 51 56 58 60
05 06 27 50 51 53
05 09 15 24 25 60
06 15 17 18 28 53
09 15 17 37 41 55
05 10 19 28 36 52
05 08 26 29 45 46
05 16 23 26 28 57
07 37 40 47 49 60
17 35 38 47 51 55
03 13 21 26 40 49
09 10 26 33 37 60
14 22 23 27 29 54
15 24 30 33 48 51
03 07 17 19 40 43
05 15 17 28 31 57
03 08 14 22 31 58
06 09 16 17 24 55
22 27 45 46 51 56
03 06 25 28 48 56
14 21 24 35 40 53
03 18 25 28 37 38
03 08 35 38 45 58
02 22 35 38 40 45
01 20 22 24 25 52
18 20 24 30 33 55
09 24 27 32 41 43
14 18 19 22 37 48
01 12 15 40 41 56
12 15 29 35 41 53
10 13 17 24 30 51
09 18 34 44 45 54
01 06 28 51 52 54
07 32 39 47 53 57
19 23 27 42 52 58
03 05 11 18 40 51
03 22 33 34 53 60
12 13 24 25 35 50
16 17 18 44 49 59
01 09 12 19 22 37
05 09 10 15 20 27
08 15 16 33 39 57
12 13 16 40 43 56
09 18 30 40 44 47
01 02 27 30 57 60
06 08 28 35 39 57
12 28 35 48 52 60
13 16 49 50 58 60
03 08 12 32 34 46
05 18 29 50 52 57
05 10 12 20 29 44
21 35 36 37 51 57
04 11 21 50 52 54
15 16 21 25 35 51
10 19 22 26 38 51
04 06 19 33 49 57
03 17 31 35 51 58
11 16 28 32 42 52
05 11 31 34 37 39
01 04 31 40 54 57
01 19 26 29 46 51
21 32 33 53 54 58
20 26 36 47 57 58
04 11 25 37 42 56
01 09 22 25 32 50
10 26 28 37 49 54
23 26 39 42 45 53
06 09 10 21 26 48
12 15 20 32 56 59
09 21 25 39 42 48
05 07 23 28 51 54
01 20 21 23 43 55